[tensor([[-2.7011e+00, -1.7493e-01, -1.6128e+00,  3.0000e+01,  0.0000e+00],
        [-2.8234e+00, -1.7196e-01, -1.5969e+00,  3.4000e+01,  1.0000e+00],
        [-2.9514e+00, -1.6934e-01, -1.5796e+00,  3.6000e+01,  2.0000e+00],
        ...,
        [-1.8736e+01,  1.3079e-02,  2.6332e+00,  2.9000e+01,  2.9000e+01],
        [-1.8837e+01,  1.6439e-02,  3.0949e+00,  1.0000e+00,  3.0000e+01],
        [-1.4495e+01,  1.7710e-02,  2.7310e+00,  0.0000e+00,  3.1000e+01]],
       device='cuda:0'), 

 tensor([[-2.6977e+00, -1.8344e-01, -1.6079e+00,  3.1000e+01,  0.0000e+00],
        [-2.8077e+00, -1.8122e-01, -1.5853e+00,  2.3000e+01,  1.0000e+00],
        [-2.9319e+00, -1.7926e-01, -1.5663e+00,  3.4000e+01,  2.0000e+00],
        ...,
        [-1.4169e+01,  4.9456e-03,  1.9913e+00,  2.9000e+01,  2.9000e+01],
        [-1.4134e+01,  9.8652e-03,  2.3222e+00,  2.3000e+01,  3.0000e+01],
        [-1.4104e+01,  1.4772e-02,  2.6573e+00,  1.7000e+01,  3.1000e+01]],
       device='cuda:0')]
-----------------------------------------------
torch.Size([34720, 5])
---------------------------------------------------------
torch.Size([34688, 5])
---------------------------------------------------------
img.size() : torch.Size([1, 2, 6, 3, 928, 1600])
-----------------------------------------------
radar[0].size() : torch.Size([2, 100, 14])
-----------------------------------------------
img_metas : 
[{'filename': [[
'data/nuscenes/samples/CAM_FRONT/n008-2018-08-27-11-48-51-0400__CAM_FRONT__1535385105412404.jpg', 
'data/nuscenes/samples/CAM_FRONT_RIGHT/n008-2018-08-27-11-48-51-0400__CAM_FRONT_RIGHT__1535385105420482.jpg', 
'data/nuscenes/samples/CAM_FRONT_LEFT/n008-2018-08-27-11-48-51-0400__CAM_FRONT_LEFT__1535385105404799.jpg', 
'data/nuscenes/samples/CAM_BACK/n008-2018-08-27-11-48-51-0400__CAM_BACK__1535385105437558.jpg', 
'data/nuscenes/samples/CAM_BACK_LEFT/n008-2018-08-27-11-48-51-0400__CAM_BACK_LEFT__1535385105447405.jpg', 
'data/nuscenes/samples/CAM_BACK_RIGHT/n008-2018-08-27-11-48-51-0400__CAM_BACK_RIGHT__1535385105428113.jpg'], 
               [
'data/nuscenes/samples/CAM_FRONT/n008-2018-08-27-11-48-51-0400__CAM_FRONT__1535385105912404.jpg', 
'data/nuscenes/samples/CAM_FRONT_RIGHT/n008-2018-08-27-11-48-51-0400__CAM_FRONT_RIGHT__1535385105920482.jpg', 
'data/nuscenes/samples/CAM_FRONT_LEFT/n008-2018-08-27-11-48-51-0400__CAM_FRONT_LEFT__1535385105904799.jpg', 
'data/nuscenes/samples/CAM_BACK/n008-2018-08-27-11-48-51-0400__CAM_BACK__1535385105937572.jpg', 
'data/nuscenes/samples/CAM_BACK_LEFT/n008-2018-08-27-11-48-51-0400__CAM_BACK_LEFT__1535385105947405.jpg', 
'data/nuscenes/samples/CAM_BACK_RIGHT/n008-2018-08-27-11-48-51-0400__CAM_BACK_RIGHT__1535385105928113.jpg']], 

'ori_shape': [[(900, 1600, 3), (900, 1600, 3), (900, 1600, 3), (900, 1600, 3), (900, 1600, 3), (900, 1600, 3)], 
              [(900, 1600, 3), (900, 1600, 3), (900, 1600, 3), (900, 1600, 3), (900, 1600, 3), (900, 1600, 3)]], 
              
'img_shape': [[(928, 1600, 3), (928, 1600, 3), (928, 1600, 3), (928, 1600, 3), (928, 1600, 3), (928, 1600, 3)], 
              [(928, 1600, 3), (928, 1600, 3), (928, 1600, 3), (928, 1600, 3), (928, 1600, 3), (928, 1600, 3)]], 
              
'lidar2img': [[array([[ 1.24304437e+03,  8.40457887e+02,  3.54937156e+01,
        -3.36875730e+02],
       [-1.60766359e+01,  5.37746038e+02, -1.22515182e+03,
        -6.27547540e+02],
       [-1.16608668e-02,  9.98430751e-01,  5.47727913e-02,
        -4.08372144e-01],
       [ 0.00000000e+00,  0.00000000e+00,  0.00000000e+00,
         1.00000000e+00]]), array([[ 1.36496393e+03, -6.19323469e+02, -3.88224033e+01,
        -4.70259980e+02],
       [ 3.81249093e+02,  3.21141327e+02, -1.23903058e+03,
        -6.79463808e+02],
       [ 8.43393688e-01,  5.36236102e-01,  3.37332063e-02,
        -5.98115443e-01],
       [ 0.00000000e+00,  0.00000000e+00,  0.00000000e+00,
         1.00000000e+00]]), array([[ 3.25191577e+01,  1.50308155e+03,  7.89575920e+01,
        -2.80150983e+02],
       [-3.86891232e+02,  3.21566455e+02, -1.23792291e+03,
        -6.65649396e+02],
       [-8.23380450e-01,  5.66069420e-01,  4.01253709e-02,
        -5.23705487e-01],
       [ 0.00000000e+00,  0.00000000e+00,  0.00000000e+00,
         1.00000000e+00]]), array([[-8.03954566e+02, -8.50723044e+02, -2.72919165e+01,
        -8.90120592e+02],
       [-1.02911826e+01, -4.44965474e+02, -8.15079378e+02,
        -7.17288441e+02],
       [-8.29598304e-03, -9.99185082e-01, -3.95012568e-02,
        -1.03802062e+00],
       [ 0.00000000e+00,  0.00000000e+00,  0.00000000e+00,
         1.00000000e+00]]), array([[-1.18667062e+03,  9.23130695e+02,  5.32019918e+01,
        -6.05231202e+02],
       [-4.62437707e+02, -1.02445965e+02, -1.25255426e+03,
        -5.65312728e+02],
       [-9.47553619e-01, -3.19582766e-01,  2.99901678e-03,
        -4.40029539e-01],
       [ 0.00000000e+00,  0.00000000e+00,  0.00000000e+00,
         1.00000000e+00]]), array([[ 2.85218196e+02, -1.46925240e+03, -6.00178523e+01,
        -3.01981222e+02],
       [ 4.46131874e+02, -1.22178980e+02, -1.24995871e+03,
        -5.85924697e+02],
       [ 9.24046739e-01, -3.82268684e-01, -2.87710503e-03,
        -4.70681090e-01],
       [ 0.00000000e+00,  0.00000000e+00,  0.00000000e+00,
         1.00000000e+00]])], 
         
      [array([[ 1.24388352e+03,  8.39159595e+02,  3.67905701e+01,
        -3.36316765e+02],
       [-1.47957190e+01,  5.38573524e+02, -1.22480443e+03,
        -6.28535520e+02],
       [-1.06704623e-02,  9.98405685e-01,  5.54276922e-02,
        -4.06718664e-01],
       [ 0.00000000e+00,  0.00000000e+00,  0.00000000e+00,
         1.00000000e+00]]), array([[ 1.36448973e+03, -6.20394427e+02, -3.83900532e+01,
        -4.71650121e+02],
       [ 3.82123923e+02,  3.21336358e+02, -1.23871048e+03,
        -6.81009434e+02],
       [ 8.43803315e-01,  5.35550772e-01,  3.43705734e-02,
        -5.97926419e-01],
       [ 0.00000000e+00,  0.00000000e+00,  0.00000000e+00,
         1.00000000e+00]]), array([[ 3.43260507e+01,  1.50297207e+03,  8.02658201e+01,
        -2.77116915e+02],
       [-3.85656420e+02,  3.23103527e+02, -1.23790798e+03,
        -6.66758934e+02],
       [-8.22706153e-01,  5.67053999e-01,  4.00543163e-02,
        -5.21846000e-01],
       [ 0.00000000e+00,  0.00000000e+00,  0.00000000e+00,
         1.00000000e+00]]), array([[-8.04233153e+02, -8.50451138e+02, -2.75570189e+01,
        -8.91960357e+02],
       [-1.02471021e+01, -4.44890634e+02, -8.15120785e+02,
        -7.18949495e+02],
       [-8.62150039e-03, -9.99178783e-01, -3.95907841e-02,
        -1.04033303e+00],
       [ 0.00000000e+00,  0.00000000e+00,  0.00000000e+00,
         1.00000000e+00]]), array([[-1.18658288e+03,  9.23246875e+02,  5.31429880e+01,
        -6.01846896e+02],
       [-4.62359977e+02, -1.02367251e+02, -1.25258940e+03,
        -5.66083585e+02],
       [-9.47585488e-01, -3.19488954e-01,  2.92414559e-03,
        -4.41170483e-01],
       [ 0.00000000e+00,  0.00000000e+00,  0.00000000e+00,
         1.00000000e+00]]), array([[ 2.84374898e+02, -1.46940469e+03, -6.02907504e+01,
        -3.04372022e+02],
       [ 4.46566261e+02, -1.22112243e+02, -1.24981011e+03,
        -5.87646255e+02],
       [ 9.23821949e-01, -3.82813566e-01, -2.60377729e-03,
        -4.71555362e-01],
       [ 0.00000000e+00,  0.00000000e+00,  0.00000000e+00,
         1.00000000e+00]])]], 

'pad_shape': [[(900, 1600, 3), (900, 1600, 3), (900, 1600, 3), (900, 1600, 3), (900, 1600, 3), (900, 1600, 3)], [(900, 1600, 3), (900, 1600, 3), (900, 1600, 3), (900, 1600, 3), (900, 1600, 3), (900, 1600, 3)]], 
'scale_factor': [1.0, 1.0], 
'box_mode_3d': [<Box3DMode.LIDAR: 0>, <Box3DMode.LIDAR: 0>], 
'box_type_3d': [<class 'mmdet3d.core.bbox.structures.lidar_box3d.LiDARInstance3DBoxes'>, <class 'mmdet3d.core.bbox.structures.lidar_box3d.LiDARInstance3DBoxes'>], 
'img_norm_cfg': [{'mean': array([103.53 , 116.28 , 123.675], dtype=float32), 'std': array([1., 1., 1.], dtype=float32), 'to_rgb': False}, 
                 {'mean': array([103.53 , 116.28 , 123.675], dtype=float32), 'std': array([1., 1., 1.], dtype=float32), 'to_rgb': False}], 
'sample_idx': ['ba2491f55619445e9d2e472f39f3b01b', '2e024439286d469f8f743fe9266c0e56'], 
'pts_filename': ['data/nuscenes/samples/LIDAR_TOP/n008-2018-08-27-11-48-51-0400__LIDAR_TOP__1535385105450180.pcd.bin', 'data/nuscenes/samples/LIDAR_TOP/n008-2018-08-27-11-48-51-0400__LIDAR_TOP__1535385105950634.pcd.bin']}]
-----------------------------------------------
gt_bboxes_3d ： 
[[LiDARInstance3DBoxes(
    tensor([[-5.7733e+00, -4.5492e+00, -1.8883e+00,  1.9240e+00,  4.7820e+00,
          1.4810e+00,  2.4722e-02,  1.6993e-02,  5.7166e-04],
        [-7.6157e+00, -4.8755e+01, -3.4078e+00,  2.0780e+00,  5.7650e+00,
          2.3010e+00, -1.2480e-02,  1.6136e-02, -3.1361e-02],
        [-8.1108e+00, -3.5124e+01, -2.9726e+00,  1.9660e+00,  4.9950e+00,
          1.7480e+00, -2.0404e-02,  1.4622e-02, -1.3349e-02],
        [-8.0746e+00, -2.9241e+01, -2.8256e+00,  2.0250e+00,  5.7030e+00,
          1.8270e+00, -1.3493e-02, -3.1118e-02, -4.3155e-02],
        [ 1.4082e+01,  9.5616e-01, -2.2720e+00,  2.3380e+00,  4.7940e+00,
          1.6930e+00,  1.5249e+00,  5.9819e-02,  3.3447e-02],
        [ 1.4134e+01, -2.9925e+01, -3.6606e+00,  1.9500e+00,  4.4710e+00,
          1.5820e+00,  1.5912e+00, -1.9961e-02,  5.0147e-04],
        [ 1.9918e+01, -4.4186e+01, -4.2080e+00,  2.1350e+00,  4.3640e+00,
          1.8610e+00, -1.6376e+00,  0.0000e+00,  0.0000e+00],
        [ 1.5207e+01, -6.6506e+00, -2.4942e+00,  1.9490e+00,  4.5290e+00,
          1.7660e+00, -1.6167e+00,  0.0000e+00,  0.0000e+00],
        [ 2.7724e+01, -5.6300e+00, -2.8862e+00,  2.1030e+00,  4.4960e+00,
          1.8950e+00, -1.5244e+00,  0.0000e+00,  0.0000e+00],
        [ 1.4971e+01,  3.6575e+01, -8.6818e-01,  2.0710e+00,  4.5460e+00,
          1.7260e+00,  1.6158e+00, -1.7918e-02,  3.9394e-02],
        [ 1.5114e+01, -3.9139e+00, -2.4725e+00,  2.1420e+00,  4.7910e+00,
          1.7800e+00,  1.5249e+00, -3.2227e-03,  6.5986e-02],
        [ 1.5333e+01,  1.5820e+01, -1.7287e+00,  1.9860e+00,  4.7970e+00,
          1.4290e+00,  1.5049e+00, -4.1025e-02, -2.9636e-03],
        [ 2.7828e+01,  3.2966e+00, -2.6046e+00,  2.0910e+00,  4.4620e+00,
          1.7420e+00,  1.6080e+00,  7.3862e-02,  2.2182e-01],
        [ 4.4185e+01, -2.0228e+01, -3.5246e+00,  2.0300e+00,  4.4820e+00,
          1.6950e+00,  3.1243e+00, -6.9592e-03,  1.1734e-03],
        [-1.3961e-01, -3.4416e+01, -3.0603e+00,  2.0260e+00,  4.6170e+00,
          1.7430e+00, -3.1383e+00,  5.0005e-02,  8.5624e+00],
        [ 1.5432e+01,  2.6287e+01, -1.5308e+00,  2.0440e+00,  4.7250e+00,
          1.5550e+00,  1.5503e+00, -2.1983e-02, -4.4629e-04],
        [ 2.7781e+01, -2.0051e+01, -3.2473e+00,  2.2780e+00,  5.4890e+00,
          2.0220e+00, -3.1415e+00, -3.1877e-05, -1.1284e-01],
        [ 1.5323e+01,  8.7028e+00, -2.1804e+00,  1.9860e+00,  4.7570e+00,
          1.5460e+00,  1.5249e+00, -5.1701e-02, -2.8658e-02],
        [ 7.6659e+00, -3.5911e+01, -3.2509e+00,  2.0080e+00,  4.2320e+00,
          1.5400e+00,  1.5417e+00,  2.4386e-01,  6.8549e-03],
        [ 1.4587e+01,  3.3909e+01, -7.4749e-01,  1.9300e+00,  4.4530e+00,
          1.4570e+00,  1.5503e+00, -5.6973e-02,  3.5382e-02],
        [ 4.8925e+00,  1.7753e+01, -1.4056e+00,  2.7640e+00,  9.4800e+00,
          3.3740e+00, -3.1008e+00,  0.0000e+00,  0.0000e+00],
        [ 2.0483e+01, -4.9768e+01, -4.4578e+00,  2.0340e+00,  4.3450e+00,
          1.5370e+00, -1.6246e+00,  0.0000e+00,  0.0000e+00],
        [ 1.4695e+01,  6.0083e+00, -2.1648e+00,  1.8800e+00,  4.4710e+00,
          1.5140e+00,  1.5249e+00, -3.3650e-02, -6.3062e-02],
        [ 1.4663e+01,  2.8709e+01, -1.1965e+00,  1.9780e+00,  4.7420e+00,
          1.5190e+00,  1.5503e+00,  0.0000e+00,  0.0000e+00],
        [ 7.8854e+00, -3.8792e+01, -3.3758e+00,  1.9560e+00,  4.4960e+00,
          1.7660e+00,  1.5160e+00, -1.2302e-01, -6.8950e-03],
        [ 2.0880e+01, -1.9791e+01, -3.3929e+00,  2.0300e+00,  4.1560e+00,
          1.5450e+00,  6.9393e-02,  0.0000e+00,  0.0000e+00],
        [-7.6765e+00, -2.2933e+01, -2.6397e+00,  1.8020e+00,  4.7460e+00,
          1.5180e+00,  3.1555e-02,  1.7105e-02,  1.1640e-01],
        [ 1.4307e+01,  1.8504e+01, -1.5355e+00,  2.1070e+00,  4.6610e+00,
          1.6260e+00,  1.5291e+00,  0.0000e+00,  0.0000e+00],
        [-1.1098e+01, -1.7663e+01, -2.0267e+00,  6.0500e-01,  8.4200e-01,
          1.6670e+00,  1.4134e+00, -1.1622e+00, -1.7551e-01],
        [ 1.4383e+01,  3.1427e+01, -8.6906e-01,  2.0270e+00,  4.5580e+00,
          1.6540e+00,  1.5503e+00,  0.0000e+00,  0.0000e+00],
        [ 1.5492e+01,  1.1118e+01, -2.0477e+00,  1.9690e+00,  4.5860e+00,
          1.5700e+00, -1.6022e+00,  0.0000e+00,  0.0000e+00],
        [ 8.4731e+00, -4.9726e+01, -3.8376e+00,  2.1850e+00,  5.0690e+00,
          1.8750e+00,  1.5606e+00,  0.0000e+00,  0.0000e+00],
        [ 2.8155e+01,  8.4368e+00, -2.7430e+00,  2.1660e+00,  4.6380e+00,
          1.8500e+00, -1.5445e+00,  5.1413e-03,  1.9159e-01],
        [ 5.3868e+00,  2.7274e+01, -8.4172e-01,  2.9510e+00,  8.7800e+00,
          3.2240e+00, -3.1357e+00,  2.4168e-01, -8.0202e-05],
        [-8.2847e+00, -4.0973e+01, -3.0518e+00,  1.9830e+00,  4.6410e+00,
          1.5670e+00,  2.1484e-02,  2.5948e-02, -6.5188e-04],
        [ 2.9530e+01,  1.9574e+01, -2.2848e+00,  2.0530e+00,  4.6010e+00,
          1.7290e+00, -1.5383e+00,  0.0000e+00,  0.0000e+00],
        [ 1.4704e+01,  1.3436e+01, -1.8351e+00,  2.0120e+00,  4.4320e+00,
          1.7100e+00,  1.4652e+00, -1.5409e-01, -1.1107e-02],
        [ 1.4276e+01,  3.6689e+00, -2.3372e+00,  2.1500e+00,  4.5580e+00,
          1.7520e+00,  1.5249e+00, -4.6831e-03,  8.5994e-02],
        [ 1.4883e+01,  2.3700e+01, -1.3703e+00,  2.1150e+00,  4.7300e+00,
          1.6810e+00,  1.5503e+00, -8.4455e-04,  4.2959e-02],
        [ 1.4881e+01,  2.0987e+01, -1.3373e+00,  1.9780e+00,  4.8080e+00,
          1.5350e+00,  1.5503e+00,  0.0000e+00,  0.0000e+00],
        [ 1.4823e+01, -1.5264e+00, -2.4160e+00,  2.0270e+00,  4.8400e+00,
          1.6760e+00,  1.5249e+00,  2.6001e-02,  1.3439e-03],
        [ 2.7522e+01,  3.4877e-01, -2.6285e+00,  2.0660e+00,  4.3520e+00,
          1.9040e+00,  1.5945e+00,  2.4100e-03,  8.9810e-02],
        [ 3.0920e+01, -1.9519e+01, -3.0195e+00,  2.3550e+00,  5.1140e+00,
          1.8950e+00,  3.1133e+00,  0.0000e+00,  0.0000e+00]])), 

          
    LiDARInstance3DBoxes(
    tensor([[-5.7429e+00, -8.8249e+00, -2.1580e+00,  1.9240e+00,  4.7820e+00,
          1.4810e+00,  2.0370e-02,  3.0130e-03,  9.4349e-04],
        [-7.8614e+00, -3.9416e+01, -3.4624e+00,  1.9660e+00,  4.9950e+00,
          1.7480e+00, -2.7665e-02,  1.4714e-02, -1.3231e-02],
        [-7.8910e+00, -3.3549e+01, -3.2827e+00,  2.0250e+00,  5.7030e+00,
          1.8270e+00, -2.4244e-02,  1.1564e-02, -2.1155e-02],
        [ 1.4100e+01, -3.1686e+00, -2.2684e+00,  2.3380e+00,  4.7940e+00,
          1.6930e+00,  1.5176e+00,  5.9556e-02,  3.3845e-02],
        [ 2.0229e+01, -4.8267e+01, -4.5827e+00,  2.1350e+00,  4.3640e+00,
          1.8610e+00, -1.6449e+00,  0.0000e+00,  0.0000e+00],
        [ 1.5245e+01, -1.0778e+01, -2.6359e+00,  1.9490e+00,  4.5290e+00,
          1.7660e+00, -1.6240e+00,  0.0000e+00,  0.0000e+00],
        [ 2.7756e+01, -9.6692e+00, -2.9282e+00,  2.1030e+00,  4.4960e+00,
          1.8950e+00, -1.5316e+00,  0.0000e+00,  0.0000e+00],
        [ 1.5133e+01, -8.0439e+00, -2.5702e+00,  2.1420e+00,  4.7910e+00,
          1.7800e+00,  1.5176e+00,  0.0000e+00,  0.0000e+00],
        [ 1.5189e+01,  1.1687e+01, -1.7318e+00,  1.9860e+00,  4.7970e+00,
          1.4290e+00,  1.4977e+00, -4.0990e-02, -3.2553e-03],
        [-1.0925e+01, -4.2025e+01, -3.2724e+00,  6.7000e-01,  7.9100e-01,
          1.7960e+00, -3.1256e+00,  3.0908e-02,  1.5276e+00],
        [ 4.4318e+01, -2.4145e+01, -3.5962e+00,  2.0300e+00,  4.4820e+00,
          1.6950e+00,  3.1170e+00,  7.0498e-04, -1.4975e-02],
        [ 9.0342e-02, -3.4360e+01, -3.2954e+00,  2.0260e+00,  4.6170e+00,
          1.7430e+00,  3.1318e+00, -5.8284e-03,  8.3691e+00],
        [ 2.7202e+01, -6.7016e+00, -2.7191e+00,  2.2000e+00,  4.5890e+00,
          1.9010e+00,  1.6200e+00, -1.2910e-02, -2.5127e-01],
        [ 2.7917e+01, -2.4144e+01, -3.3958e+00,  2.2780e+00,  5.4890e+00,
          2.0220e+00,  3.1345e+00,  8.8283e-04, -5.6873e-02],
        [ 1.5226e+01,  4.5601e+00, -2.2303e+00,  1.9860e+00,  4.7570e+00,
          1.5460e+00,  1.5176e+00, -6.0875e-02,  1.5371e-01],
        [ 8.0370e+00, -4.0081e+01, -3.6291e+00,  2.0080e+00,  4.2320e+00,
          1.5400e+00,  1.5344e+00,  2.4373e-01,  8.5987e-03],
        [ 4.7504e+00,  1.3534e+01, -1.3596e+00,  2.7640e+00,  9.4800e+00,
          3.3740e+00, -3.1080e+00,  0.0000e+00,  0.0000e+00],
        [ 4.5555e+01,  1.7979e+00, -2.1882e+00,  2.0380e+00,  4.2780e+00,
          2.0000e+00, -1.5779e+00,  0.0000e+00,  0.0000e+00],
        [ 2.7526e+01,  1.7040e+00, -2.3083e+00,  2.1070e+00,  4.1620e+00,
          1.8880e+00,  1.5996e+00,  1.0663e-02,  3.4077e-01],
        [ 1.4627e+01,  1.8443e+00, -2.2410e+00,  1.8800e+00,  4.4710e+00,
          1.5140e+00,  1.5176e+00,  6.7378e-02,  1.2747e-01],
        [-1.3078e+01,  2.3582e+01, -2.4207e-01,  7.1600e-01,  4.9300e-01,
          1.9380e+00, -1.2897e+00,  0.0000e+00,  0.0000e+00],
        [ 8.0935e+00, -4.2968e+01, -3.7676e+00,  1.9560e+00,  4.4960e+00,
          1.7660e+00,  1.5088e+00, -1.2293e-01, -7.7715e-03],
        [ 2.1016e+01, -2.3871e+01, -3.5875e+00,  2.0300e+00,  4.1560e+00,
          1.5450e+00,  6.2132e-02,  1.6013e-02,  2.5707e-01],
        [-7.5141e+00, -2.7158e+01, -3.0621e+00,  1.8020e+00,  4.7460e+00,
          1.5180e+00,  2.4293e-02,  1.4202e-02,  6.2587e-02],
        [ 1.4163e+01,  1.4364e+01, -1.5203e+00,  2.1070e+00,  4.6610e+00,
          1.6260e+00,  1.5219e+00,  0.0000e+00,  0.0000e+00],
        [-1.1568e+01, -2.2049e+01, -2.4008e+00,  6.0500e-01,  8.4200e-01,
          1.6670e+00,  1.4544e+00, -1.1692e+00, -1.1969e-01],
        [ 1.5404e+01,  6.9901e+00, -2.0820e+00,  1.9690e+00,  4.5860e+00,
          1.5700e+00, -1.6094e+00,  0.0000e+00,  0.0000e+00],
        [ 2.8090e+01,  4.4962e+00, -2.7005e+00,  2.1660e+00,  4.6380e+00,
          1.8500e+00, -1.5517e+00,  1.8743e-03,  9.5726e-02],
        [ 5.2930e+00,  2.3059e+01, -8.1522e-01,  2.9510e+00,  8.7800e+00,
          3.2240e+00,  3.1403e+00,  0.0000e+00,  0.0000e+00],
        [-2.6967e+01,  2.7527e+01,  2.5042e-01,  1.9760e+00,  4.6250e+00,
          1.7630e+00,  2.1447e+00,  4.9701e-02,  1.9451e-01],
        [-7.9901e+00, -4.5255e+01, -3.6408e+00,  1.9830e+00,  4.6410e+00,
          1.5670e+00,  1.4223e-02,  2.5944e-02, -4.6503e-04],
        [ 2.9384e+01,  1.5542e+01, -2.1316e+00,  2.0530e+00,  4.6010e+00,
          1.7290e+00, -1.5456e+00,  0.0000e+00,  0.0000e+00],
        [ 1.4520e+01,  9.2949e+00, -1.8534e+00,  2.0120e+00,  4.4320e+00,
          1.7100e+00,  1.4580e+00, -1.5394e-01, -1.1206e-02],
        [ 1.4240e+01, -3.6444e-01, -2.2559e+00,  2.1500e+00,  4.5580e+00,
          1.7520e+00,  1.5176e+00, -1.1690e-02,  2.1866e-01],
        [ 1.4702e+01,  1.9583e+01, -1.2944e+00,  2.1150e+00,  4.7300e+00,
          1.6810e+00,  1.5431e+00, -5.6832e-04,  2.1955e-02],
        [ 1.4720e+01,  1.6848e+01, -1.2821e+00,  1.9780e+00,  4.8080e+00,
          1.5350e+00,  1.5431e+00,  0.0000e+00,  0.0000e+00],
        [-1.1696e+01,  2.3057e+01, -1.9177e-01,  7.0500e-01,  4.9800e-01,
          1.8350e+00,  2.6198e+00, -5.0451e-02, -2.9004e-02],
        [ 1.4837e+01, -5.6561e+00, -2.5310e+00,  2.0270e+00,  4.8400e+00,
          1.6760e+00,  1.5176e+00,  2.5983e-02,  1.5293e-03],
        [ 2.7515e+01, -3.6066e+00, -2.5745e+00,  2.0660e+00,  4.3520e+00,
          1.9040e+00,  1.5873e+00,  6.7334e-01,  7.9700e-02],
        [-2.6474e+01,  3.0663e+01,  3.4884e-01,  1.8500e+00,  4.2080e+00,
          1.3180e+00, -9.3930e-01,  3.9545e-03, -1.0375e-01]]))]]
-----------------------------------------------
gt_labels_3d ： 
[[tensor([0, 0, 0, 1, 0, 0, 0, 0, 0, 0, 0, 0, 0, 0, 0, 0, 1, 0, 0, 0, 2, 0, 0, 0,
        0, 0, 0, 0, 6, 0, 0, 0, 0, 2, 0, 0, 0, 0, 0, 0, 0, 0, 0],
       device='cuda:0'), 
  tensor([0, 0, 1, 0, 0, 0, 0, 0, 0, 6, 0, 0, 0, 1, 0, 0, 2, 0, 0, 0, 6, 0, 0, 0,
        0, 6, 0, 0, 2, 0, 0, 0, 0, 0, 0, 0, 6, 0, 0, 0], device='cuda:0')]]
-----------------------------------------------
instance_inds[0][i].size() : 
torch.Size([43])
-----------------------------------------------
instance_inds[0][i].size() : 
torch.Size([40])
-----------------------------------------------
l2g_r_mat[0].size() : 
torch.Size([2, 3, 3])
-----------------------------------------------
l2g_t[0].size() ： 
torch.Size([2, 3])
-----------------------------------------------
timestamp[i].size()：
torch.Size([1])
-----------------------------------------------
timestamp[i].size():
torch.Size([1])
-----------------------------------------------
